3750207
3752836
3972105
3972709
3972720
3999647
3999648
3999658
4104613
4144505
4144506
4144560
4179726
4180235
4248951
4615700
4898113
4898219
4950788
4981386
4981427
4981455
4981614
4981621
4981683
4981713
4981723
4981802
4981807
4981847
4981852
4982814
4983019
4983029
4983340
4983355
5025267
5025338
5025351
5025523
5025532
5025543
5025565
5027879
5027882
5027890
5027900
5027911
5027965
5027978
5028000
5028021
5028028
5028034
5069602
5129265
5138523
5143730
5152524
5152564
5153170
5153415
5156486
5156709
5156748
5157200
5157209
5157250
5157276
5157447
5160017
5220049
5220052
5220054
5220057
5220118
5220119
5241615
5242916
5268367
5307157
5308081
5308085
5313587
5313688
5313761
5313974
5314122
5314136
5314368
5314478
5314577
5315267
5315326
5315373
5315408
5315438
5316234
5316282
5316289
5329923
5329945
5329973
5330037
5371196
5429702
5460495
5732134
5732348
5732350
5732472
5732535
5732635
5732678
5732790
5732826
5732831
5732949
5732958
5732960
5732965
5733089
5733098
5737844
5738471
5744041
5744124
5751740
5776067
5776071
5776132
5813455
5813456
5813467
5814006
5829820
5861230
5871609
5879255
5883845
5887892
5891795
5896760
5896762
5900375
5900376
5907034
5923701
5933047
5996508
6008465
6024242
6027348
6058969
6059020
6059055
6059064
6059069
6059104
6059147
6059158
6079239
6089236
6090951
6092046
6092200
6092567
6092591
6092605
6092632
6098597
6098733
6098734
6105913
6129838
6142208
6167493
6167520
6180797
6180808
6180875
6198139
6199719
6321806
6328732
6328754
6328756
6328762
6330088
6337567
6337569
6358035
6372880
6391241
6391242
6391991
6392602
6393045
6413762
6416308
6416384
6416386
6421247
6421294
6421295
6421297
6421309
6426012
6436352
6460286
6461815
6462970
6483847
6483895
6483942
6521898
6521900
6548210
6567446
6592173
6595532
6604274
6629705
6650968
6650973
6657755
6675198
6675232
6676222
6692595
6694169
6708527
6739089
6739147
6739182
6769959
6770710
6771755
6781341
6781377
6791004
6795888
6798961
6799809
6800912
6800913
6800914
6837139
6837143
6839201
6839301
6840265
6840619
6851110
6853580
6859130
6879731
6879784
6882379
6883792
6884032
6907658
6914749
6914788
6914789
6914790
6914792
6916604
6919998
6929472
6934391
6937930
6957348
6965279
6965281
7000726
7012956
7012959
7012962
7041862
7044136
7044137
7044223
7044227
7044231
