6084637
6789810
5864053
5101127
5945742
5732956
4214632
5945744
4021079
5586005
5101129
5957041
5969387
6833150
6939176
5493308
5864054
5945746
5101123
6799402
1593451
5163705
6834294
6166470
3604781
6714564
1593435
5084536
6768078
3208981
5367252
5373662
6849953
4021080
6125493
6124640
6124672
6832672
5888228
5101128
6939172
5196869
6320715
5174017
5378706
5945747
6834345
3762348
5101124
5433682
6320685
6833220
5458227
2657612
5288219
5841521
3096329
6939606
6250872
3383755
4997154
6037490
5527403
6663242
6303303
4826228
6086987
5163711
6850686
2017576
6528107
5378736
6106460
6833129
5433678
6849913
5109578
6364955
5000112
3604786
4496271
5360453
1593502
3604785
5347746
5378711
5864051
6029311
4214653
5087999
5945748
5174018
6833185
4760081
5767492
6025157
6491065
6344950
3383762
6834265
6849875
4821563
5407010
2440791
5767550
6966348
5109579
5174019
6188703
4446409
6320705
6188701
5084534
4007991
6077782
6834381
5028448
5028549
5071119
6834324
6850714
4929251
6086932
6320721
6344956
3540962
6850371
5367251
3383763
4506194
3752553
5373676
6446947
6239702
5955096
5109688
5767518
6320706
5237320
2878305
4218653
4298601
5628228
5084669
5531641
5957040
6408314
5777946
5826245
6850741
4987990
6497401
4214654
6446948
4784403
5373656
6850453
4353072
6096773
6320710
6320702
5493309
3604780
5028510
6320724
3983656
6217309
6761997
5109709
6421308
3754816
4836607
6500354
4417106
3209194
2510204
6106553
3320997
5534241
4836645
5378686
1515175
6743701
6320703
5826336
6025179
6466913
6421298
4960569
5414793
3983655
4250898
3320687
5209976
5826333
5945752
3636346
5608583
5826235
6299813
5646272
6320708
5237718
5826331
5378084
4745803
5084510
5109576
6850395
950197
4235522
6320704
6684589
5685197
5378713
5646236
5647035
6441557
6850008
5924505
3321019
4168625
5458532
4001418
6381382
4298975
6498057
5826236
3138735
6014684
4979579
3320882
4345987
5378688
6451831
4450515
6270245
4469844
4987988
5109686
5646260
4987979
3640472
4298960
5924483
4332909
3080271
5406857
4450520
6320697
3636342
5826241
6409525
3320792
5028529
5240386
6822860
5655714
6361952
4450506
4964691
5826239
6364852
6365895
4168614
3554585
5084508
6320436
5924475
5948713
1835087
5935349
5210015
6364864
4168612
6005156
5655732
6743700
5826243
1907394
2827215
5655718
6320694
5347718
6381380
1907401
4469197
5233377
6411121
5109707
5109719
5655711
6077399
5147424
4988001
3539064
5109679
6299241
5004804
6497424
6968220
5655725
4875799
1355632
5556106
3540964
2835479
6077768
5647069
5924471
4235462
5434886
6288794
2634974
6451832
3983671
5028498
6915870
2045083
6714774
5924473
6521899
3545956
6053110
5655722
6151471
5924477
6466912
2588956
4988006
5374946
5012106
4960546
6245210
5109700
4988008
3983683
6046559
6365798
4943810
6221123
2956266
6409517
3640470
4255881
3633373
4982466
2625282
3835823
6402980
6077976
6245216
6762010
3270149
6250862
6450400
6761994
5937952
4821565
5646250
6134602
6243326
6025177
6270249
4921560
5646251
4469654
3320627
5924478
5934214
6298956
5109742
6092378
6250935
5435216
6367011
5285200
3269969
5211886
6096336
5612477
6390139
6743839
4593772
6306758
5028526
6270271
5929308
5374897
5061719
3633451
6299068
6299400
7016247
6241851
5194023
4867826
4977071
6217311
5435214
6571296
5628316
6762008
4850491
5608675
6199149
5434885
5924568
6925068
6832760
4866895
6365762
4349212
4776113
3540963
2528998
4887240
6241867
5109702
6508474
5925287
5646242
3295941
5109696
5655729
6484098
5924486
4988003
4146379
3642842
4450523
5867729
4446408
4473181
4943803
1963306
6459508
6208207
2600264
4323751
6404398
5608792
6245220
6133000
5109698
6199196
4790177
6361957
4745782
5042472
5194064
6746996
4218674
3969081
5347816
3115042
6459282
5084505
6565945
6364820
6394201
6104025
5608893
5572677
2515712
6850421
5001394
5118265
5935287
5452686
5012174
6299022
3474427
5979481
6120681
5109693
6239698
5177304
5109747
5647037
4469218
5991356
5109730
5109690
4887225
1422830
6202080
2983365
3290937
5979479
5109710
3554587
6367037
5378722
4235452
6043343
3269972
6245199
2634836
5109689
4977087
4988011
5646245
6421302
4374584
5935215
5109692
6250958
5063857
5896079
6299292
5602100
1917768
6686142
4345954
3741456
5646240
2981888
5069757
3906123
6208201
6299349
2048694
5712548
3560142
6099856
5012032
3640471
5308417
6608970
4660319
6239694
5729610
6774916
6850656
3889613
6239696
3423498
5012232
3875714
3875716
3316973
6525540
2216384
5646239
6386474
6459288
4343697
5296772
3835828
4325177
5063819
6483428
3554573
3554575
4549050
6732233
5989839
6299742
6049389
1095530
3545929
4899924
6106471
6524762
6018166
5233378
5458850
4799250
6497419
4806044
6402976
6099854
6400871
6365770
6039937
6761977
5486911
6459509
5969384
4357656
4790178
5028547
5378709
1928220
5641033
6364895
5608929
5990421
3080270
3846893
1866301
1095030
5063806
3864199
5087996
6061051
5011975
5375147
5979500
5362701
6117999
6645043
6202773
5434905
6092382
6419430
4891921
5234279
5967182
3466346
2602606
5375269
6366982
5973284
3531965
4650028
6085891
4044151
3560145
5602099
3834423
4421994
1095609
4597598
5134294
2568174
5979502
3834404
6160996
6370842
6061053
3521043
3631516
5043446
1094972
3080272
6047711
4749542
6043348
6054240
6525565
5087363
6731928
5915381
6077792
2129106
5392024
6093048
1094673
5206298
4670665
5327855
6454563
4897451
4446227
5616775
6356418
5357537
5933624
5059644
6436047
5910477
6574531
2006978
5974212
4144363
5378726
5974335
6052944
6618371
5285851
4583313
6644870
6566022
3945444
5215211
6130752
1094925
3868067
4985874
6868052
4091141
4806262
3560143
4513407
5143654
4323594
4955233
4648056
6644834
6077735
6484126
5933621
6884862
2003241
6562315
4372689
5628234
5571620
5038747
5937936
4907275
1098186
3697363
4709062
3834421
2003249
5276887
3626485
5615743
4883663
4511152
4709179
6927941
2006975
2427907
6593659
5434469
6774914
5169997
6644994
4583312
4796512
6040630
5381960
5604514
4047829
4801190
5204746
7008578
5315196
4883664
6644480
5167612
5126438
6292469
5656873
5539539
6151756
2484809
6109975
5127161
5611059
6185350
2979551
1094960
5328008
6644656
3272471
6054978
3554550
6339001
6746761
