153454
153457
235480
235481
235483
235485
305554
305556
355482
363763
370578
493669
493680
531269
545059
564060
564061
564062
564063
564064
564065
564828
564830
564834
564907
565885
565886
565905
565920
565923
565931
565934
565938
565943
565946
570695
573516
589618
638726
751399
762005
771267
771268
771269
771270
771271
771272
771273
771274
771275
771276
771277
771278
771279
771280
777944
777952
779738
779875
781888
784635
793380
833604
853752
853753
853763
873204
877903
879733
998849
998859
998871
1020102
1020118
1020121
1020125
1020133
1020134
1020135
1020166
1020177
1020186
1020191
1020195
1020883
1020885
1020887
1025275
1039727
1039902
1040147
1040165
1040277
1040436
1040456
1040469
1040479
1040571
1040576
1047823
1047839
1058825
1058852
1087547
1098166
1098403
1102740
1115371
1116520
1116524
1139841
1148286
1165765
1165766
1183688
1187460
1187734
1219940
1250986
1267414
1293156
1310929
1310934
1321724
1322319
1329126
1329127
1329180
1331185
1333883
1337797
1347681
1347698
1354875
1354974
1354981
1364672
1367772
1383931
1384525
1384528
1384541
1387682
1390697
1395584
1395631
1395669
1395691
1397522
1402551
1402594
1402602
1410645
1411828
1411865
1412129
1413239
1413500
1413590
1416753
1416871
1431184
1431503
1432632
1434779
1438846
1442152
1442153
1449963
1449965
1450635
1451611
1451623
1451669
1454073
1456417
1459072
1470537
1474673
1480505
1480559
1486679
1486697
1486747
1486755
1486771
1487498
1513703
1513710
1513715
1568130
1569642
1569672
1593089
1593497
1627400
1632508
1632510
1632708
1641178
1641617
1646003
1647425
1660857
1660859
1660864
1681617
1714927
1714980
1752827
1752868
1752882
1752886
1781570
1785501
1803402
1811645
1815730
1816557
1816558
1823999
1824429
1828938
1858984
1863184
1868795
1868862
1868922
1868932
1868938
1868967
1874259
1875309
1876993
1879668
1879693
1879758
1879773
1879847
1879912
1880048
1880899
1880970
1880999
1891230
1893435
1893476
1896931
1896974
1902741
1903842
1908878
1910667
1914452
1914455
1914456
1914458
1914466
1916851
1916852
1916853
1917767
1931722
1936174
1939907
1944682
1948213
1948217
1953145
1954398
1954411
1954628
1954655
1954751
1958337
1974029
1974235
1978473
1978484
1978507
1978955
1983255
1983278
1983288
1988095
1991895
1993831
1993834
1998491
1998496
1998927
1998978
2004195
2010540
2012714
2012729
2012738
2014177
2014355
2017451
2017464
2025790
2030516
2030541
2033707
2034444
2034448
2036352
2042628
2042640
2049535
2049538
2051936
2051937
2067884
2068405
2068425
2090820
2090847
2097783
2106705
2112553
2116855
2133877
2133882
2138853
2138862
2138896
2140112
2148560
2148561
2148563
2148564
2151226
2152455
2152461
2184806
2185030
2186276
2191147
2191149
2195122
2195127
2195128
2204158
2208198
2208537
2218058
2219880
2231614
2231697
2240787
2240789
2244461
2245742
2253348
2253370
2256362
2256364
2263370
2263371
2275845
2277583
2277586
2285060
2285061
2289477
2294009
2297214
2297253
2297296
2297465
2297489
2297659
2302056
2302058
2302062
2302065
2311595
2311597
2320815
2329977
2329980
2330013
2364631
2364774
2364870
2365062
2381084
2381126
2384813
2384819
2386870
2387821
2396843
2402582
2403638
2407885
2408982
2409920
2413233
2413246
2415783
2422873
2436813
2437058
2437059
2437078
2437083
2441960
2445040
2448279
2448280
2448283
2452222
2461954
2462095
2462618
2470370
2472703
2472729
2472734
2476209
2476210
2477510
2477511
2479659
2479662
2479664
2487147
2487442
2493341
2495384
2496045
2496052
2496061
2496066
2498292
2498318
2504219
2506000
2506001
2506002
2506003
2506004
2510167
2514432
2523916
2523919
2523920
2523925
2523926
2523927
2540380
2546355
2546356
2547798
2552535
2552536
2552542
2552545
2555069
2559109
2560236
2560762
2563486
2564799
2567384
2567634
2569840
2571798
2573504
2583267
2586206
2592902
2593399
2602720
2603322
2612195
2624319
2624328
2625280
2628150
2628151
2628153
2628154
2628155
2631711
2631712
2631714
2631911
2631913
2631916
2631919
2631920
2631925
2631926
2632739
2633650
2633811
2633815
2655679
2655680
2655681
2656970
2676325
2680759
2680824
2680879
2683121
2689884
2689885
2703142
2723149
2723316
2727943
2731368
2733803
2733806
2740434
2747466
2749358
2749767
2755233
2755285
2757827
2759974
2760222
2760253
2764216
2772254
2776602
2776739
2778022
2781079
2788675
2797439
2812617
2818693
2818703
2821813
2825965
2830961
2840561
2851169
2867006
2880037
2880051
2881923
2883919
2883929
2888947
2906316
2917214
2917215
2917218
2925904
2977555
2978432
2983997
2996505
3001552
3021119
3021120
3021560
3029091
3030555
3064985
3065001
3065072
3080282
3081856
3085707
3085710
3112099
3112103
3123271
3126448
3126538
3126540
3132529
3144973
3145386
3150572
3160036
3180391
3183367
3183372
3187887
3188700
3188962
3189011
3190202
3190252
3192745
3193225
3193272
3193306
3204981
3205171
3205197
3205264
3205415
3205445
3205726
3205818
3208434
3208451
3208452
3212931
3213871
3214160
3219157
3219165
3222139
3227361
3227665
3230851
3231303
3231352
3231769
3234567
3236216
3236255
3236282
3236340
3236365
3236451
3238001
3240209
3242202
3243839
3248456
3249538
3251381
3260155
3269554
3269569
3269584
3269618
3269703
3271949
3274393
3279746
3279757
3279758
3280092
3281865
3281868
3281869
3282267
3286014
3286017
3286019
3286023
3288862
3290967
3293060
3300482
3306367
3309260
3309265
3309266
3316147
3316582
3316776
3319964
3329109
3330302
3331415
3333965
3333967
3334015
3345463
3345851
3345855
3348178
3348195
3352226
3352459
3353977
3363002
3363012
3363175
3363961
3365184
3365185
3365187
3365188
3365191
3365413
3373729
3377267
3377313
3380399
3380403
3380765
3380907
3388504
3389578
3389579
3389580
3391453
3391455
3391456
3394710
3394713
3399209
3412964
3446464
3456277
3472314
3475291
3479872
3480066
3480238
3491665
3516244
3519639
3520431
3521034
3521047
3525265
3525266
3533210
3533211
3533224
3534896
3534908
3537023
3537024
3537027
3539987
3540940
3545664
3548925
3564239
3578269
3585118
3585543
3585546
3585557
3585558
3603598
3609903
3610483
3610499
3617172
3628824
3629825
3690513
3690515
3715886
3738869
3738877
3738879
3749006
3755503
3759999
3765748
3780653
3780658
3780659
3794090
3800887
3814192
3828275
3833481
3833483
3839574
3842905
3842993
3843013
3843036
3843072
3851675
3851676
3852361
3854021
3867812
3867830
3867845
3877473
3878448
3881023
3881697
3882079
3882080
3894349
3897819
3897820
3904048
3904051
3904054
3904057
3904065
3913795
3913898
3926477
3926510
3928854
3932298
3934295
3937704
3938482
3938592
3938636
3938707
3939490
3941212
3941231
3945224
3945225
3950975
3952242
3961537
3961542
3966159
3966353
3966872
3966885
3972182
3972184
3973653
3973655
3973657
3983467
3984900
3989050
3989344
3989367
3990151
3993093
3996731
3996884
3999442
3999460
3999933
4039310
4040792
4041950
4051472
4053258
4061550
4061557
4061769
4061770
4061773
4067256
4069826
4069921
4071743
4071744
4071746
4071752
4080123
4080128
4080134
4081135
4089865
4092247
4092601
4092701
4092725
4092726
4092729
4092732
4092735
4095636
4099280
4103993
4103994
4104017
4104039
4105675
4105708
4106094
4107376
4107406
4107414
4107452
4107454
4107458
4107886
4107917
4110598
4113819
4117795
4118883
4118910
4119153
4119922
4120849
4120932
4121038
4125922
4139039
4139043
4142772
4148409
4148427
4148439
4148999
4149724
4150207
4150909
4150919
4150933
4150947
4150948
4151009
4151071
4151422
4152158
4152364
4152366
4153896
4156122
4156637
4158643
4159378
4159379
4159914
4160922
4161128
4161203
4161205
4161339
4161341
4162181
4162408
4162417
4162422
4168553
4168558
4168571
4168575
4169493
4169494
4171384
4172842
4174921
4177606
4177608
4177692
4177697
4177902
4178376
4180093
4180706
4184629
4184748
4185600
4185611
4185612
4185613
4185900
4186312
4187013
4190535
4190577
4190581
4191087
4191094
4191233
4191457
4191680
4191687
4193118
4200458
4200459
4200986
4201156
4201164
4201179
4205428
4206848
4206849
4206850
4209546
4217039
4217041
4223468
4223572
4223579
4223580
4223581
4223582
4223583
4223584
4228625
4228737
4228743
4229433
4229472
4230002
4230008
4230182
4230972
4233949
4237291
4237338
4238035
4240888
4243046
4249408
4249479
4250267
4250270
4250273
4250274
4253190
4254670
4254693
4254695
4256686
4257606
4257640
4265422
4266721
4266724
4276349
4279352
4279607
4280101
4280638
4280642
4282386
4282823
4283072
4284129
4285039
4285044
4292282
4293888
4293889
4297829
4297931
4298001
4298018
4298020
4298135
4298149
4298814
4298817
4298818
4298819
4298820
4298821
4300235
4300237
4300239
4302859
4302921
4306431
4314308
4315029
4326773
4327919
4327920
4328865
4329686
4339573
4340119
4345533
4345662
4353732
4355040
4355056
4355057
4355059
4355649
4357668
4358153
4358155
4358156
4358157
4366206
4366207
4367883
4368253
4370314
4371107
4371108
4371113
4371116
4371117
4371417
4371419
4375034
4376352
4391218
4391222
4400127
4403280
4407066
4417796
4422427
4426865
4428057
4433271
4433654
4434922
4437070
4437072
4442466
4445131
4445594
4447334
4450849
4450850
4450852
4450853
4450857
4450859
4450860
4450862
4450863
4450864
4454115
4454666
4458204
4458215
4460775
4463763
4463840
4464056
4465578
4465697
4467973
4468428
4468433
4468445
4469094
4469099
4470373
4470374
4470376
4470377
4470378
4470380
4473701
4474631
4474636
4474637
4475423
4475537
4475615
4478476
4478479
4487651
4499553
4499694
4499704
4499705
4499708
4499709
4499722
4499854
4499864
4499889
4499890
4499904
4499907
4499911
4508934
4511295
4513685
4513736
4513855
4513931
4532669
4538315
4539572
4539576
4539666
4539986
4540007
4540114
4540115
4540116
4540138
4543173
4544999
4549724
4549741
4549761
4549817
4561860
4561862
4568155
4569688
4580204
4581687
4584310
4590622
4592609
4597792
4597918
4598177
4629080
4638326
4653668
4655127
4655145
4657185
4657192
4668805
4669001
4670738
4673086
4673630
4678421
4678969
4678970
4680807
4682277
4682278
4682884
4683352
4684944
4685506
4685956
4693238
4697785
4700984
4701036
4707505
4708358
4708408
4710654
4715913
4724774
4729118
4743801
4744001
4748469
4748725
4748871
4748874
4750578
4752220
4756089
4756200
4756261
4756299
4756332
4756793
4762028
4762588
4762648
4762864
4765007
4766378
4771511
4774255
4776478
4782558
4782569
4782572
4782582
4783384
4784316
4784372
4784398
4788474
4788478
4788480
4794925
4795368
4795529
4795652
4796119
4796989
4796990
4798894
4799000
4799025
4799199
4799270
4813748
4814554
4821907
4822807
4825507
4825509
4827709
4831181
4833904
4833905
4833908
4833909
4834041
4834565
4835746
4835949
4835981
4836284
4837101
4843479
4848094
4854005
4855281
4855360
4856794
4856799
4860497
4860750
4860888
4861024
4861735
4862218
4862261
4862263
4862332
4862500
4871708
4871775
4871802
4871822
4871836
4871852
4871927
4873795
4873798
4874603
4875136
4876282
4876564
4876573
4876574
4876633
4876635
4876854
4876857
4876858
4880294
4880664
4880668
4880670
4885981
4894605
4894974
4896044
4897458
4898008
4898011
4898164
4899450
4903312
4904513
4904541
4904918
4905825
4905995
4910814
4912868
4913133
4913592
4913594
4913595
4913597
4913598
4914004
4914006
4916349
4916517
4917737
4918987
4919706
4919709
4919794
4919937
4920289
4920765
4920799
4920872
4920980
4923434
4923445
4923691
4923698
4923795
4923796
4923800
4923810
4924172
4926796
4930494
4934261
4934349
4936494
4937036
4937055
4942466
4947386
4948318
4950488
4955570
4955598
4959305
4960069
4964862
4966508
4966564
4972013
4972640
4975076
4975952
4975956
4976299
4977305
4978751
4980550
4980555
4980949
4983626
4983643
4987582
4989115
4989814
4991849
4998925
4998930
5002663
5004176
5004381
5004807
5005776
5008962
5009091
5009097
5009100
5010179
5010254
5010365
5010419
5010715
5011039
5011041
5011042
5011045
5011777
5011802
5012030
5015657
5015659
5015661
5016382
5016396
5025066
5025945
5025954
5028096
5030458
5030459
5032076
5032092
5032093
5032496
5033602
5033963
5034962
5035162
5035684
5037676
5037678
5039451
5040712
5043862
5043867
5044784
5047588
5050437
5050442
5051447
5053060
5053070
5053081
5053088
5059649
5059691
5059695
5059698
5060334
5060335
5060336
5060341
5060342
5061362
5061917
5062326
5063523
5066627
5066659
5066747
5066851
5067019
5067065
5067149
5070580
5071472
5071609
5073242
5074846
5075103
5075159
5075160
5075164
5075165
5075533
5076691
5076739
5079380
5080102
5080109
5080110
5080504
5081144
5081153
5081618
5081913
5086614
5087361
5087397
5088471
5088472
5088473
5088671
5088673
5088942
5095438
5096771
5099518
5099538
5099809
5099869
5100291
5100292
5105820
5109628
5112784
5114775
5114777
5114778
5114779
5116426
5116430
5116433
5116437
5116439
5118227
5118239
5119921
5121110
5124104
5126987
5127712
5127717
5127739
5127754
5127822
5127834
5128234
5131562
5132099
5132103
5132112
5132706
5132707
5133268
5133328
5133367
5133733
5134710
5140098
5142157
5142158
5142159
5142161
5142162
5142165
5144168
5145088
5145111
5145561
5145718
5146227
5147161
5148392
5148398
5148409
5148428
5148482
5152518
5152567
5153763
5153764
5153765
5153767
5153768
5153770
5153771
5153773
5153774
5153857
5158124
5160166
5161746
5161955
5161956
5161958
5161960
5161962
5161965
5161972
5162027
5162028
5165686
5165688
5165690
5165705
5166862
5167709
5167716
5170639
5173100
5173587
5173588
5174515
5174517
5174518
5174520
5174526
5174527
5174528
5174529
5174559
5176072
5176078
5176777
5176781
5182777
5183235
5185926
5187557
5189325
5191715
5191906
5191908
5192544
5192562
5194439
5195530
5196457
5196772
5196774
5196939
5197143
5197148
5197158
5197190
5197219
5197308
5197320
5197331
5197924
5198760
5199445
5199543
5201764
5201765
5201766
5203340
5205093
5207912
5210000
5213516
5214655
5215437
5215675
5219756
5219759
5219860
5220109
5220111
5223449
5223469
5223521
5228054
5228480
5229178
5229211
5229243
5229255
5229273
5229281
5229882
5229887
5229888
5231224
5231257
5231264
5231329
5231436
5231674
5231706
5232131
5232545
5234418
5234425
5234427
5239051
5240361
5240373
5240398
5240406
5240433
5240437
5240526
5240528
5240537
5240556
5240560
5240570
5240786
5241031
5241045
5241054
5241076
5243119
5244657
5244690
5252530
5252575
5254541
5254902
5254913
5254938
5254978
5257774
5264785
5266795
5272843
5273340
5273341
5273342
5273344
5273699
5273789
5273797
5273800
5273802
5273803
5273807
5273808
5273810
5274077
5275233
5275236
5275238
5276423
5276428
5278546
5279381
5282089
5282537
5284224
5285375
5290667
5290670
5293330
5293332
5295453
5295547
5297974
5299443
5301472
5302729
5304266
5304276
5305203
5305346
5305350
5306284
5306444
5309530
5310031
5310034
5315302
5315350
5318574
5320696
5322379
5322381
5324949
5327838
5328249
5328318
5333288
5333293
5333294
5333304
5333308
5333309
5333311
5333326
5333328
5333329
5333331
5333332
5339167
5339367
5341732
5341902
5342859
5343039
5343069
5343553
5344342
5352528
5354006
5357370
5360521
5360756
5364047
5368631
5368637
5373067
5373087
5375169
5375634
5375996
5377351
5377359
5377465
5377545
5377605
5378101
5379682
5380568
5383090
5383959
5385561
5386353
5389660
5389676
5392955
5393007
5393016
5393125
5393131
5393211
5393213
5393240
5393242
5393259
5393617
5393618
5393641
5393643
5395103
5396859
5397833
5398324
5398935
5398939
5399269
5400148
5400151
5400154
5400157
5400159
5400160
5401919
5402130
5402135
5402140
5402342
5402344
5402364
5402414
5402416
5402486
5402488
5402662
5402740
5403439
5407098
5407102
5409442
5409778
5410263
5410561
5410617
5412044
5412048
5413966
5413976
5413987
5413992
5414982
5418170
5418191
5418204
5419921
5420446
5420484
5424609
5427430
5430300
5430310
5430312
5430562
5430784
5434617
5434929
5435142
5435466
5435714
5436218
5436299
5436316
5436379
5441055
5443218
5443372
5443482
5443630
5445701
5446606
5446617
5446619
5446620
5446621
5450020
5450982
5452549
5457120
5457121
5457122
5457152
5457155
5457156
5457157
5457158
5457159
5457160
5457161
5457178
5457663
5460098
5461129
5461319
5461930
5462196
5462210
5462215
5462224
5463019
5468088
5468101
5468104
5468105
5473840
5478839
5479597
5479598
5480530
5480536
5480791
5480810
5480836
5485130
5485633
5485813
5486858
5487285
5487874
5490216
5490246
5490251
5495458
5495710
5495711
5495713
5495715
5495727
5495743
5495745
5495749
5495753
5495754
5495755
5496214
5496517
5497466
5497616
5498653
5503551
5503553
5503569
5503570
5503572
5503575
5503591
5503596
5503601
5503604
5504546
5505684
5505755
5512492
5522561
5526482
5528014
5528093
5528352
5528361
5528368
5528372
5528377
5528420
5528422
5530631
5535018
5535024
5535029
5535034
5535037
5535046
5537625
5539550
5543586
5543607
5543609
5543611
5547780
5550261
5550266
5550267
5550268
5550274
5550321
5550957
5550959
5551369
5551375
5556296
5556297
5556303
5559133
5560035
5560038
5560050
5560636
5562812
5562943
5563315
5563423
5567815
5572671
5573156
5573160
5573959
5573985
5581936
5581950
5582400
5582444
5583594
5586935
5588494
5588520
5590587
5591213
5592170
5593635
5593640
5594440
5594500
5594518
5594536
5594562
5594606
5594670
5602092
5602093
5606928
5607044
5614856
5620429
5626864
5628867
5630197
5630198
5630199
5634685
5636849
5642337
5647575
5650883
5650884
5653629
5653637
5653643
5653677
5656906
5656912
5658505
5658575
5658576
5659665
5664170
5664179
5664249
5664657
5673229
5673323
5678505
5690508
5690516
5692379
5700637
5707645
5723050
5723772
5726792
5726794
5729245
5730540
5730658
5739689
5739690
5739729
5739788
5742779
5742780
5742785
5742799
5756113
5774161
5777917
5783084
5783252
5788857
5793057
5796063
5808564
5808580
5810205
5812229
5812231
5812234
5812235
5812238
5812239
5812240
5812242
5812243
5813137
5813144
5815126
5820239
5820240
5820254
5820403
5823200
5826406
5826408
5826409
5826410
5826661
5826674
5835545
5835546
5835547
5835551
5835553
5835558
5836482
5836735
5836757
5836914
5836920
5838335
5838340
5838470
5838473
5838544
5840567
5840573
5841430
5841490
5848995
5849005
5849013
5852477
5852547
5852595
5853290
5853303
5858705
5861403
5862860
5864061
5867635
5873252
5874664
5874667
5875185
5875600
5876671
5876989
5878022
5879088
5880718
5880721
5883938
5883942
5883943
5883949
5883956
5883961
5887385
5887387
5887389
5887393
5887396
5892651
5894155
5894853
5895737
5897258
5897263
5897269
5897271
5897278
5897283
5897291
5897294
5897299
5897301
5897302
5898840
5899522
5901994
5904642
5905711
5905715
5908392
5910879
5910881
5910883
5911532
5911578
5911624
5911634
5911652
5911669
5911679
5911718
5911735
5911744
5911745
5911746
5911748
5913781
5914733
5914843
5918435
5918496
5918523
5918524
5918895
5918963
5919554
5920912
5924442
5925790
5928656
5928657
5928662
5930563
5930564
5936684
5937604
5940156
5940526
5942392
5942393
5942394
5942410
5942542
5942570
5944762
5945932
5949267
5949292
5949687
5950515
5950517
5950519
5953713
5953817
5953853
5953900
5954346
5954406
5954489
5954671
5954777
5954804
5954903
5954923
5954935
5954948
5955424
5955544
5955583
5955694
5956008
5956048
5956126
5959168
5959189
5959206
5959247
5959339
5959357
5959414
5959455
5959556
5959613
5959657
5959689
5959896
5960018
5960158
5960201
5960349
5960381
5960460
5960498
5960553
5961011
5963275
5963277
5963336
5966269
5966469
5966530
5968239
5968326
5968365
5968521
5969604
5969606
5969609
5969766
5969771
5969775
5969790
5969797
5969798
5973735
5973736
5973739
5973745
5974244
5975409
5975411
5976022
5976040
5976043
5976063
5976064
5977470
5977474
5977475
5979639
5980227
5981384
5981623
5981674
5982017
5982531
5982752
5982775
5982795
5982798
5983007
5983018
5983875
5983877
5984286
5987014
5987098
5987197
5987252
5989748
5989826
5989829
5989830
5990365
5992042
5994456
5994735
5994745
5994838
5995275
5995278
5995281
5995283
5995286
5995352
5995354
6002175
6006481
6006497
6007092
6007547
6007548
6007550
6007551
6007586
6008750
6011496
6011497
6013716
6014552
6014553
6014554
6014555
6015017
6015867
6015873
6015880
6015894
6016656
6017003
6017085
6017087
6017552
6017598
6017600
6017894
6017900
6017904
6018277
6018872
6020929
6021223
6021536
6021541
6022329
6022332
6022333
6024225
6024226
6024232
6024235
6025009
6025093
6025300
6025495
6025596
6025620
6025645
6025667
6025678
6025794
6025829
6026084
6026231
6026394
6026397
6026775
6026777
6026778
6026781
6026784
6026796
6026802
6026808
6026809
6026812
6026827
6029244
6029279
6029947
6030948
6032258
6032376
6036210
6037684
6038210
6038722
6038724
6038830
6040383
6040384
6040386
6040391
6043762
6043764
6043769
6043772
6043775
6045764
6045767
6047329
6047330
6048052
6050121
6050596
6050707
6050714
6053200
6053410
6053723
6054422
6054431
6055043
6058096
6059955
6060050
6061121
6061128
6061130
6061547
6062372
6063081
6064851
6065558
6065595
6065596
6065598
6065601
6065603
6065605
6065606
6065608
6065609
6066613
6066822
6068808
6068811
6068819
6068829
6068831
6069043
6070621
6070625
6070762
6070780
6070781
6070782
6070859
6070863
6070865
6070868
6070870
6070877
6070879
6070881
6070883
6070889
6070903
6070904
6070910
6070913
6070917
6073875
6074925
6075052
6075054
6075066
6075310
6075311
6075327
6075350
6075358
6075362
6075384
6075396
6075492
6076579
6076585
6076627
6076818
6076822
6076830
6077325
6077890
6078715
6078852
6078900
6078950
6078981
6079309
6079376
6079437
6079471
6080044
6080050
6080067
6080070
6081214
6081443
6081445
6081450
6081451
6082676
6083790
6084713
6086484
6086689
6086810
6087406
6087410
6087572
6087580
6087584
6088101
6088127
6088642
6090101
6090105
6090329
6090356
6090363
6090576
6092395
6092416
6092455
6092505
6093479
6093550
6096369
6096377
6096409
6097471
6097867
6097892
6101177
6101654
6101666
6101950
6107189
6108803
6108810
6112160
6116122
6116616
6116622
6116884
6117948
6117953
6118395
6119220
6119222
6119280
6119285
6122882
6123706
6123713
6123727
6123744
6124362
6124871
6125544
6126064
6126067
6126127
6126129
6126130
6126131
6127106
6128631
6128868
6129144
6129258
6129279
6129288
6129289
6129308
6129339
6129353
6129364
6129377
6129402
6129407
6129416
6129418
6129419
6129434
6129552
6129590
6129832
6130325
6130362
6130618
6131262
6131754
6131876
6132231
6133782
6134174
6134175
6134180
6134185
6134191
6134194
6134223
6134225
6134226
6134373
6134379
6134410
6134872
6134946
6134951
6134955
6136391
6136450
6139279
6139656
6139732
6139740
6139787
6139789
6139791
6139795
6139796
6139800
6139802
6139806
6139809
6139810
6140589
6140593
6142228
6142732
6142742
6147808
6147811
6153602
6153604
6153605
6156659
6157376
6157378
6157701
6158146
6158380
6158384
6158985
6159448
6159616
6160397
6160411
6160678
6160817
6162117
6162120
6162144
6162149
6162764
6162768
6162769
6162851
6163255
6163813
6164289
6165403
6165420
6165421
6165424
6166081
6167407
6167550
6167552
6167564
6167657
6167691
6167704
6169123
6169129
6169131
6169244
6169245
6169252
6169257
6169267
6171209
6171211
6171401
6171403
6171408
6171409
6171410
6171411
6172647
6172648
6172650
6172652
6175747
6175805
6176330
6176331
6176338
6176362
6176419
6176424
6176431
6176435
6177106
6177154
6177301
6177368
6178557
6178574
6178575
6178651
6178788
6178798
6181515
6181521
6182116
6182169
6182173
6182197
6182522
6183397
6183398
6183407
6183506
6183527
6183528
6186423
6187011
6187111
6187312
6189681
6190090
6190164
6190168
6190181
6190186
6190201
6190208
6190214
6190226
6190236
6190245
6190282
6190286
6190291
6190297
6190300
6190304
6190335
6190341
6190346
6190354
6190360
6190368
6190372
6190380
6190383
6190393
6190398
6190407
6190578
6190584
6190589
6190631
6190636
6193720
6193724
6193726
6193727
6193730
6193733
6195440
6198952
6198957
6199997
6201499
6204585
6208559
6208617
6210033
6211300
6211303
6211304
6211307
6212378
6215751
6215930
6215940
6216736
6220011
6220295
6226851
6227626
6227634
6227636
6227659
6227662
6227665
6227668
6227671
6227685
6227696
6227703
6227790
6228482
6228489
6228615
6228620
6229870
6231048
6232007
6233455
6235910
6236524
6237837
6237928
6238043
6238145
6238251
6238358
6238388
6239662
6239668
6241349
6241366
6241414
6244510
6244520
6245391
6245401
6245403
6245406
6246930
6246940
6247441
6249439
6249496
6251015
6251017
6251192
6252143
6252682
6252758
6252891
6253145
6253191
6253201
6254306
6254452
6254460
6254461
6260039
6260042
6260053
6260058
6260063
6260070
6260807
6261259
6265344
6266583
6266595
6268715
6269097
6270128
6270160
6270168
6271228
6271603
6276186
6276844
6277511
6277678
6277919
6278023
6278100
6278312
6278596
6278685
6278804
6278814
6278828
6278833
6279012
6279520
6279542
6279545
6281891
6282406
6282602
6282648
6283350
6285541
6285846
6285851
6285895
6291169
6291204
6293989
6294121
6294558
6296493
6296496
6296844
6296848
6296870
6296875
6296878
6297023
6297026
6297118
6297119
6297154
6297411
6297413
6297415
6298738
6299206
6299672
6299823
6302181
6302184
6302382
6303188
6304359
6305023
6305102
6306154
6307450
6308556
6308572
6308574
6308606
6309002
6309046
6309081
6309143
6309432
6309514
6309713
6309768
6309778
6309915
6310030
6310114
6313377
6313382
6313387
6313515
6315017
6317284
6318396
6320265
6320270
6320516
6321398
6321400
6321846
6321951
6322144
6322232
6322684
6322777
6322781
6322784
6322859
6323050
6324137
6325434
6325814
6328913
6329066
6329884
6330210
6330265
6330483
6330600
6330823
6331260
6331262
6331272
6331401
6331404
6331413
6334169
6336068
6338350
6338549
6338795
6338824
6338881
6338894
6339479
6343137
6344738
6344814
6344870
6347126
6347132
6347160
6349542
6349718
6349899
6350104
6350105
6350197
6350983
6350984
6350985
6350989
6350994
6350996
6350998
6351000
6351860
6354363
6354608
6354691
6354694
6354696
6356742
6356988
6357105
6357590
6357625
6357701
6357728
6357829
6357838
6361785
6362013
6363582
6363589
6363590
6363600
6363607
6363611
6363789
6363797
6363935
6363937
6363944
6363945
6363961
6363972
6364048
6364062
6364069
6364072
6364080
6364088
6364094
6364101
6364479
6365553
6365562
6365629
6365630
6365631
6366553
6370525
6370527
6370531
6371235
6371238
6371242
6371244
6371248
6371254
6371260
6371262
6372901
6373729
6374320
6374341
6375176
6375182
6379957
6380862
6380872
6381117
6381118
6384014
6386587
6388253
6388255
6388329
6390240
6391332
6391859
6391862
6391863
6392734
6394703
6395333
6397740
6397742
6397756
6397757
6397760
6397769
6397770
6397772
6397851
6397909
6398537
6399107
6402050
6402257
6402266
6402267
6402289
6402304
6402343
6402353
6402355
6402375
6402376
6406059
6407953
6407970
6408234
6408244
6408254
6408256
6409537
6410384
6410417
6410480
6410568
6410598
6410606
6410615
6410625
6410629
6410670
6411136
6411272
6411403
6411471
6411591
6411639
6411769
6411791
6411890
6411903
6414699
6414703
6414706
6415289
6415291
6415465
6415612
6416059
6416143
6416397
6416726
6417044
6417289
6417395
6417560
6417648
6418476
6418483
6424671
6424686
6425022
6425982
6431134
6432061
6432240
6434792
6435680
6436364
6436481
6437894
6437953
6437960
6438059
6438103
6438161
6440340
6440351
6440352
6440354
6440355
6440356
6440357
6440358
6440360
6440363
6440364
6440365
6440367
6440368
6440370
6440876
6442201
6442444
6442665
6449889
6449891
6449892
6450482
6450604
6450730
6450938
6451215
6451260
6451269
6451570
6452310
6452480
6455634
6458551
6461501
6461505
6461506
6462110
6464018
6464019
6468337
6468467
6469489
6469809
6469945
6470889
6471551
6472543
6472858
6472865
6475639
6475640
6475641
6475643
6475713
6475717
6475718
6475719
6475721
6475804
6475810
6475811
6475823
6475828
6475830
6476456
6476462
6476470
6477173
6477174
6480484
6481931
6486215
6486216
6486271
6486395
6486407
6486935
6487315
6487433
6487512
6487654
6488979
6488999
6489043
6489365
6489875
6489946
6490145
6490202
6490518
6490569
6490610
6495777
6496183
6496184
6497121
6497131
6499536
6499540
6502688
6503391
6503626
6505427
6505445
6506880
6506891
6506920
6507899
6508658
6511399
6511407
6515147
6516628
6524865
6524879
6525687
6525691
6527691
6528255
6528266
6528299
6528302
6528305
6528342
6528345
6529690
6534223
6536938
6541419
6541501
6556905
6557237
6557354
6557435
6557476
6562157
6563031
6565397
6565615
6573564
6573573
6574329
6574963
6575036
6577861
6581786
6581788
6581792
6581797
6591381
6593034
6594557
6594559
6603543
6604254
6604965
6604967
6604969
6604974
6604985
6604989
6605007
6606264
6606278
6606642
6606747
6606749
6606759
6606780
6607775
6607782
6607827
6608011
6608023
6613898
6614316
6615442
6624276
6624339
6624362
6624441
6624864
6625220
6625337
6626061
6626205
6626208
6632593
6633421
6637361
6637681
6637694
6637964
6638182
6638378
6638462
6641885
6641909
6642508
6642810
6643179
6643226
6643234
6643333
6645124
6645128
6645138
6645142
6645145
6645146
6645153
6645157
6645193
6645217
6645268
6647619
6647632
6649479
6649485
6649495
6652342
6652346
6652348
6652352
6652363
6658722
6659433
6662018
6662027
6669807
6677949
6680297
6680300
6686128
6692352
6696717
6702382
6708161
6708993
6709091
6710609
6713942
6713945
6717908
6724043
6724442
6730815
6739515
6739611
6739665
6739688
6743166
6743169
6746898
6747179
6747496
6747523
6753924
6754263
6754266
6754885
6755475
6763079
6768062
6768064
6768822
6786708
6786712
6786713
6786715
6787643
6788565
6798037
6798043
6798044
6798058
6798061
6799457
6800712
6803364
6803728
6810389
6810392
6810397
6810443
6812400
6815094
6839991
6843482
6844950
6851567
6851932
6852085
6852090
6852131
6852250
6852364
6852925
6858118
6888496
6908438
6908445
6908614
6910253
6910255
6910542
6927997
6929193
6930865
6938446
6946632
6961553
6961587
6966903
6966927
6987795
6987800
6989806
6996729
7013352
7013368
7024090
7024310
